<?xml version="1.0"?>
<opencv_storage>
<Intrinsics type_id="opencv-matrix">
  <rows>3</rows>
  <cols>3</cols>
  <dt>d</dt>
  <data>
    5.6043820182998638e+02 0. 3.9049568153969142e+02 0.
    5.6236680350146344e+02 2.3271848867476066e+02 0. 0. 1.</data></Intrinsics>
</opencv_storage>
